time	V(rs)	V(vout)
0.000000000000000e+00	0.000000e+00	2.117422e-04
1.000000000000000e-07	0.000000e+00	2.117422e-04
1.000010000000000e-07	1.600000e-01	8.935518e-04
1.000030000000000e-07	4.800000e-01	3.363235e-03
1.000060102383222e-07	9.616382e-01	9.293403e-03
1.000088449220501e-07	1.415187e+00	1.572850e-02
1.000100000000000e-07	1.600000e+00	1.813635e-02
1.000101155077950e-07	1.600000e+00	1.828519e-02
1.000103465233850e-07	1.600000e+00	1.850568e-02
1.000108085545649e-07	1.600000e+00	1.875506e-02
1.000117326169249e-07	1.600000e+00	1.897639e-02
1.000129072844209e-07	1.600000e+00	1.907053e-02
1.000152566194131e-07	1.600000e+00	1.912258e-02
1.000186170872321e-07	1.600000e+00	1.917666e-02
1.000253380228702e-07	1.600000e+00	1.929307e-02
1.000387798941463e-07	1.600000e+00	1.967957e-02
1.000656636366985e-07	1.600000e+00	2.165624e-02
1.000925903942365e-07	1.600000e+00	2.735137e-02
1.001246680372029e-07	1.600000e+00	4.220056e-02
1.001571761177645e-07	1.600000e+00	6.812701e-02
1.002152955952318e-07	1.600000e+00	1.311786e-01
1.002756315393993e-07	1.600000e+00	2.043447e-01
1.003531446572344e-07	1.600000e+00	2.952084e-01
1.004525682689249e-07	1.600000e+00	3.907104e-01
1.006293336839936e-07	1.600000e+00	5.079743e-01
1.008803650063171e-07	1.600000e+00	6.053141e-01
1.011672424110032e-07	1.600000e+00	6.608039e-01
1.014886632000809e-07	1.600000e+00	6.893396e-01
1.019251267972166e-07	1.600000e+00	7.072470e-01
1.025815072043313e-07	1.600000e+00	7.198505e-01
1.035580697043313e-07	1.600000e+00	7.290308e-01
1.045346322043313e-07	1.600000e+00	7.343742e-01
1.055111947043313e-07	1.600000e+00	7.381830e-01
1.064877572043313e-07	1.600000e+00	7.412732e-01
1.074643197043313e-07	1.600000e+00	7.438349e-01
1.084408822043313e-07	1.600000e+00	7.459745e-01
1.094174447043313e-07	1.600000e+00	7.477764e-01
1.103940072043313e-07	1.600000e+00	7.493031e-01
1.113705697043313e-07	1.600000e+00	7.506038e-01
1.123471322043312e-07	1.600000e+00	7.517178e-01
1.133236947043312e-07	1.600000e+00	7.526770e-01
1.143002572043312e-07	1.600000e+00	7.535068e-01
1.152768197043312e-07	1.600000e+00	7.542282e-01
1.162533822043312e-07	1.600000e+00	7.548583e-01
1.172299447043312e-07	1.600000e+00	7.554107e-01
1.182065072043312e-07	1.600000e+00	7.558972e-01
1.191830697043312e-07	1.600000e+00	7.563270e-01
1.201596322043312e-07	1.600000e+00	7.567084e-01
1.211361947043312e-07	1.600000e+00	7.570478e-01
1.221127572043312e-07	1.600000e+00	7.573508e-01
1.230893197043312e-07	1.600000e+00	7.576221e-01
1.240658822043312e-07	1.600000e+00	7.578658e-01
1.250424447043312e-07	1.600000e+00	7.580853e-01
1.260190072043312e-07	1.600000e+00	7.582834e-01
1.269955697043312e-07	1.600000e+00	7.584627e-01
1.279721322043312e-07	1.600000e+00	7.586253e-01
1.289486947043312e-07	1.600000e+00	7.587730e-01
1.299252572043312e-07	1.600000e+00	7.589077e-01
1.309018197043312e-07	1.600000e+00	7.590305e-01
1.318783822043312e-07	1.600000e+00	7.591428e-01
1.328549447043312e-07	1.600000e+00	7.592456e-01
1.338315072043312e-07	1.600000e+00	7.593399e-01
1.348080697043312e-07	1.600000e+00	7.594266e-01
1.357846322043312e-07	1.600000e+00	7.595063e-01
1.367611947043312e-07	1.600000e+00	7.595799e-01
1.377377572043312e-07	1.600000e+00	7.596477e-01
1.387143197043312e-07	1.600000e+00	7.597103e-01
1.396908822043312e-07	1.600000e+00	7.597682e-01
1.406674447043312e-07	1.600000e+00	7.598219e-01
1.416440072043312e-07	1.600000e+00	7.598716e-01
1.426205697043312e-07	1.600000e+00	7.599178e-01
1.435971322043312e-07	1.600000e+00	7.599607e-01
1.445736947043312e-07	1.600000e+00	7.600005e-01
1.455502572043312e-07	1.600000e+00	7.600375e-01
1.465268197043312e-07	1.600000e+00	7.600720e-01
1.475033822043312e-07	1.600000e+00	7.601041e-01
1.484799447043312e-07	1.600000e+00	7.601341e-01
1.494565072043312e-07	1.600000e+00	7.601620e-01
1.504330697043312e-07	1.600000e+00	7.601880e-01
1.514096322043312e-07	1.600000e+00	7.602124e-01
1.523861947043312e-07	1.600000e+00	7.602351e-01
1.533627572043311e-07	1.600000e+00	7.602564e-01
1.543393197043311e-07	1.600000e+00	7.602761e-01
1.553158822043311e-07	1.600000e+00	7.602947e-01
1.562924447043311e-07	1.600000e+00	7.603120e-01
1.572690072043311e-07	1.600000e+00	7.603282e-01
1.582455697043311e-07	1.600000e+00	7.603433e-01
1.592221322043311e-07	1.600000e+00	7.603574e-01
1.601986947043311e-07	1.600000e+00	7.603706e-01
1.611752572043311e-07	1.600000e+00	7.603830e-01
1.621518197043311e-07	1.600000e+00	7.603945e-01
1.631283822043311e-07	1.600000e+00	7.604052e-01
1.641049447043311e-07	1.600000e+00	7.604153e-01
1.650815072043311e-07	1.600000e+00	7.604246e-01
1.660580697043311e-07	1.600000e+00	7.604333e-01
1.670346322043311e-07	1.600000e+00	7.604414e-01
1.680111947043311e-07	1.600000e+00	7.604489e-01
1.689877572043311e-07	1.600000e+00	7.604560e-01
1.699643197043311e-07	1.600000e+00	7.604624e-01
1.709408822043311e-07	1.600000e+00	7.604684e-01
1.719174447043311e-07	1.600000e+00	7.604740e-01
1.728940072043311e-07	1.600000e+00	7.604791e-01
1.738705697043311e-07	1.600000e+00	7.604837e-01
1.748471322043311e-07	1.600000e+00	7.604880e-01
1.758236947043311e-07	1.600000e+00	7.604920e-01
1.768002572043311e-07	1.600000e+00	7.604956e-01
1.777768197043311e-07	1.600000e+00	7.604989e-01
1.787533822043311e-07	1.600000e+00	7.605018e-01
1.797299447043311e-07	1.600000e+00	7.605044e-01
1.807065072043311e-07	1.600000e+00	7.605067e-01
1.816830697043311e-07	1.600000e+00	7.605088e-01
1.826596322043311e-07	1.600000e+00	7.605106e-01
1.836361947043311e-07	1.600000e+00	7.605122e-01
1.846127572043311e-07	1.600000e+00	7.605135e-01
1.855893197043311e-07	1.600000e+00	7.605146e-01
1.865658822043311e-07	1.600000e+00	7.605155e-01
1.875424447043311e-07	1.600000e+00	7.605161e-01
1.885190072043310e-07	1.600000e+00	7.605166e-01
1.894955697043310e-07	1.600000e+00	7.605169e-01
1.904721322043310e-07	1.600000e+00	7.605169e-01
1.914486947043310e-07	1.600000e+00	7.605169e-01
1.924252572043310e-07	1.600000e+00	7.605166e-01
1.934018197043310e-07	1.600000e+00	7.605162e-01
1.943783822043310e-07	1.600000e+00	7.605156e-01
1.953549447043310e-07	1.600000e+00	7.605149e-01
1.963315072043310e-07	1.600000e+00	7.605140e-01
1.973080697043310e-07	1.600000e+00	7.605130e-01
1.982846322043310e-07	1.600000e+00	7.605119e-01
1.992611947043310e-07	1.600000e+00	7.605106e-01
2.000100000000000e-07	1.600000e+00	7.605092e-01
2.000110000000000e-07	1.600000e+00	7.605088e-01
2.000130000000000e-07	1.600000e+00	7.605067e-01
2.000170000000000e-07	1.600000e+00	7.605008e-01
2.000200000000000e-07	1.600000e+00	7.604956e-01
2.000203000000000e-07	1.600000e+00	7.604949e-01
2.000209000000000e-07	1.600000e+00	7.604939e-01
2.000221000000000e-07	1.600000e+00	7.604917e-01
2.000245000000000e-07	1.600000e+00	7.604877e-01
2.000293000000000e-07	1.600000e+00	7.604796e-01
2.000389000000000e-07	1.600000e+00	7.604635e-01
2.000581000000001e-07	1.600000e+00	7.604312e-01
2.000965000000001e-07	1.600000e+00	7.603666e-01
2.001733000000002e-07	1.600000e+00	7.602367e-01
2.003269000000004e-07	1.600000e+00	7.599750e-01
2.006341000000007e-07	1.600000e+00	7.594461e-01
2.012485000000014e-07	1.600000e+00	7.583792e-01
2.022250625000014e-07	1.600000e+00	7.566786e-01
2.032016250000014e-07	1.600000e+00	7.549837e-01
2.041781875000014e-07	1.600000e+00	7.533010e-01
2.051547500000014e-07	1.600000e+00	7.516323e-01
2.061313125000014e-07	1.600000e+00	7.499775e-01
2.071078750000014e-07	1.600000e+00	7.483365e-01
2.080844375000014e-07	1.600000e+00	7.467087e-01
2.090610000000014e-07	1.600000e+00	7.450939e-01
2.100375625000014e-07	1.600000e+00	7.434916e-01
2.110141250000014e-07	1.600000e+00	7.419018e-01
2.119906875000014e-07	1.600000e+00	7.403238e-01
2.129672500000014e-07	1.600000e+00	7.387576e-01
2.139438125000014e-07	1.600000e+00	7.372028e-01
2.149203750000014e-07	1.600000e+00	7.356591e-01
2.158969375000014e-07	1.600000e+00	7.341262e-01
2.168735000000014e-07	1.600000e+00	7.326039e-01
2.178500625000014e-07	1.600000e+00	7.310919e-01
2.188266250000014e-07	1.600000e+00	7.295900e-01
2.198031875000014e-07	1.600000e+00	7.280979e-01
2.207797500000014e-07	1.600000e+00	7.266154e-01
2.217563125000014e-07	1.600000e+00	7.251424e-01
2.227328750000014e-07	1.600000e+00	7.236785e-01
2.237094375000014e-07	1.600000e+00	7.222235e-01
2.246860000000014e-07	1.600000e+00	7.207772e-01
2.256625625000014e-07	1.600000e+00	7.193395e-01
2.266391250000013e-07	1.600000e+00	7.179101e-01
2.276156875000013e-07	1.600000e+00	7.164890e-01
2.285922500000013e-07	1.600000e+00	7.150757e-01
2.295688125000013e-07	1.600000e+00	7.136703e-01
2.305453750000013e-07	1.600000e+00	7.122725e-01
2.315219375000013e-07	1.600000e+00	7.108822e-01
2.324985000000013e-07	1.600000e+00	7.094991e-01
2.334750625000013e-07	1.600000e+00	7.081233e-01
2.344516250000013e-07	1.600000e+00	7.067544e-01
2.354281875000013e-07	1.600000e+00	7.053924e-01
2.364047500000013e-07	1.600000e+00	7.040370e-01
2.373813125000013e-07	1.600000e+00	7.026882e-01
2.383578750000013e-07	1.600000e+00	7.013459e-01
2.393344375000013e-07	1.600000e+00	7.000098e-01
2.403110000000014e-07	1.600000e+00	6.986799e-01
2.412875625000014e-07	1.600000e+00	6.973560e-01
2.422641250000014e-07	1.600000e+00	6.960381e-01
2.432406875000014e-07	1.600000e+00	6.947259e-01
2.442172500000015e-07	1.600000e+00	6.934195e-01
2.451938125000015e-07	1.600000e+00	6.921185e-01
2.461703750000015e-07	1.600000e+00	6.908231e-01
2.471469375000015e-07	1.600000e+00	6.895329e-01
2.481235000000016e-07	1.600000e+00	6.882481e-01
2.491000625000016e-07	1.600000e+00	6.869684e-01
2.500766250000016e-07	1.600000e+00	6.856937e-01
2.510531875000016e-07	1.600000e+00	6.844240e-01
2.520297500000016e-07	1.600000e+00	6.831592e-01
2.530063125000017e-07	1.600000e+00	6.818991e-01
2.539828750000017e-07	1.600000e+00	6.806437e-01
2.549594375000017e-07	1.600000e+00	6.793929e-01
2.559360000000017e-07	1.600000e+00	6.781467e-01
2.569125625000018e-07	1.600000e+00	6.769049e-01
2.578891250000018e-07	1.600000e+00	6.756674e-01
2.588656875000018e-07	1.600000e+00	6.744342e-01
2.598422500000018e-07	1.600000e+00	6.732053e-01
2.608188125000019e-07	1.600000e+00	6.719804e-01
2.617953750000019e-07	1.600000e+00	6.707596e-01
2.627719375000019e-07	1.600000e+00	6.695428e-01
2.637485000000019e-07	1.600000e+00	6.683300e-01
2.647250625000020e-07	1.600000e+00	6.671211e-01
2.657016250000020e-07	1.600000e+00	6.659159e-01
2.666781875000020e-07	1.600000e+00	6.647145e-01
2.676547500000020e-07	1.600000e+00	6.635168e-01
2.686313125000021e-07	1.600000e+00	6.623226e-01
2.696078750000021e-07	1.600000e+00	6.611321e-01
2.705844375000021e-07	1.600000e+00	6.599451e-01
2.715610000000021e-07	1.600000e+00	6.587616e-01
2.725375625000021e-07	1.600000e+00	6.575815e-01
2.735141250000022e-07	1.600000e+00	6.564048e-01
2.744906875000022e-07	1.600000e+00	6.552315e-01
2.754672500000022e-07	1.600000e+00	6.540614e-01
2.764438125000022e-07	1.600000e+00	6.528945e-01
2.774203750000023e-07	1.600000e+00	6.517309e-01
2.783969375000023e-07	1.600000e+00	6.505705e-01
2.793735000000023e-07	1.600000e+00	6.494132e-01
2.803500625000023e-07	1.600000e+00	6.482590e-01
2.813266250000024e-07	1.600000e+00	6.471078e-01
2.823031875000024e-07	1.600000e+00	6.459597e-01
2.832797500000024e-07	1.600000e+00	6.448146e-01
2.842563125000024e-07	1.600000e+00	6.436726e-01
2.852328750000025e-07	1.600000e+00	6.425334e-01
2.862094375000025e-07	1.600000e+00	6.413972e-01
2.871860000000025e-07	1.600000e+00	6.402640e-01
2.881625625000025e-07	1.600000e+00	6.391337e-01
2.891391250000026e-07	1.600000e+00	6.380062e-01
2.901156875000026e-07	1.600000e+00	6.368816e-01
2.910922500000026e-07	1.600000e+00	6.357599e-01
2.920688125000026e-07	1.600000e+00	6.346411e-01
2.930453750000026e-07	1.600000e+00	6.335251e-01
2.940219375000027e-07	1.600000e+00	6.324120e-01
2.949985000000027e-07	1.600000e+00	6.313017e-01
2.959750625000027e-07	1.600000e+00	6.301942e-01
2.969516250000027e-07	1.600000e+00	6.290897e-01
2.979281875000028e-07	1.600000e+00	6.279880e-01
2.989047500000028e-07	1.600000e+00	6.268892e-01
2.998813125000028e-07	1.600000e+00	6.257928e-01
3.000100000000000e-07	1.600000e+00	6.256485e-01
3.000110000000000e-07	1.600000e+00	6.256456e-01
3.000130000000000e-07	1.600000e+00	6.256405e-01
3.000150761357044e-07	1.600000e+00	6.256354e-01
3.000175367568902e-07	1.600000e+00	6.256295e-01
3.000200000000000e-07	1.600000e+00	6.256234e-01
3.000202463243110e-07	1.600000e+00	6.256228e-01
3.000207389729329e-07	1.600000e+00	6.256216e-01
3.000217242701769e-07	1.600000e+00	6.256193e-01
3.000233168122987e-07	1.600000e+00	6.256157e-01
3.000265018965425e-07	1.600000e+00	6.256085e-01
3.000328720650300e-07	1.600000e+00	6.255943e-01
3.000456124020049e-07	1.600000e+00	6.255660e-01
3.000710930759548e-07	1.600000e+00	6.255109e-01
3.001220544238545e-07	1.600000e+00	6.254056e-01
3.002239771196539e-07	1.600000e+00	6.252133e-01
3.004278225112528e-07	1.600000e+00	6.248900e-01
3.008355132944506e-07	1.600000e+00	6.244228e-01
3.016508948608462e-07	1.600000e+00	6.238641e-01
3.026274573608462e-07	1.600000e+00	6.235384e-01
3.036040198608463e-07	1.600000e+00	6.234132e-01
3.045805823608463e-07	1.600000e+00	6.233680e-01
3.055571448608463e-07	1.600000e+00	6.233492e-01
3.065337073608463e-07	1.600000e+00	6.233391e-01
3.075102698608464e-07	1.600000e+00	6.233317e-01
3.084868323608464e-07	1.600000e+00	6.233252e-01
3.094633948608464e-07	1.600000e+00	6.233191e-01
3.104399573608464e-07	1.600000e+00	6.233131e-01
3.114165198608465e-07	1.600000e+00	6.233070e-01
3.123930823608465e-07	1.600000e+00	6.233011e-01
3.133696448608465e-07	1.600000e+00	6.232951e-01
3.143462073608465e-07	1.600000e+00	6.232891e-01
3.153227698608466e-07	1.600000e+00	6.232831e-01
3.162993323608466e-07	1.600000e+00	6.232771e-01
3.172758948608466e-07	1.600000e+00	6.232711e-01
3.182524573608466e-07	1.600000e+00	6.232651e-01
3.192290198608466e-07	1.600000e+00	6.232592e-01
3.202055823608467e-07	1.600000e+00	6.232532e-01
3.211821448608467e-07	1.600000e+00	6.232472e-01
3.221587073608467e-07	1.600000e+00	6.232412e-01
3.231352698608467e-07	1.600000e+00	6.232352e-01
3.241118323608468e-07	1.600000e+00	6.232293e-01
3.250883948608468e-07	1.600000e+00	6.232232e-01
3.260649573608468e-07	1.600000e+00	6.232173e-01
3.270415198608468e-07	1.600000e+00	6.232113e-01
3.280180823608469e-07	1.600000e+00	6.232054e-01
3.289946448608469e-07	1.600000e+00	6.231993e-01
3.299712073608469e-07	1.600000e+00	6.231934e-01
3.309477698608469e-07	1.600000e+00	6.231874e-01
3.319243323608470e-07	1.600000e+00	6.231814e-01
3.329008948608470e-07	1.600000e+00	6.231754e-01
3.338774573608470e-07	1.600000e+00	6.231695e-01
3.348540198608470e-07	1.600000e+00	6.231635e-01
3.358305823608471e-07	1.600000e+00	6.231575e-01
3.368071448608471e-07	1.600000e+00	6.231515e-01
3.377837073608471e-07	1.600000e+00	6.231456e-01
3.387602698608471e-07	1.600000e+00	6.231396e-01
3.397368323608471e-07	1.600000e+00	6.231336e-01
3.407133948608472e-07	1.600000e+00	6.231276e-01
3.416899573608472e-07	1.600000e+00	6.231217e-01
3.426665198608472e-07	1.600000e+00	6.231157e-01
3.436430823608472e-07	1.600000e+00	6.231097e-01
3.446196448608473e-07	1.600000e+00	6.231037e-01
3.455962073608473e-07	1.600000e+00	6.230978e-01
3.465727698608473e-07	1.600000e+00	6.230918e-01
3.475493323608473e-07	1.600000e+00	6.230859e-01
3.485258948608474e-07	1.600000e+00	6.230798e-01
3.495024573608474e-07	1.600000e+00	6.230739e-01
3.504790198608474e-07	1.600000e+00	6.230679e-01
3.514555823608474e-07	1.600000e+00	6.230620e-01
3.524321448608475e-07	1.600000e+00	6.230560e-01
3.534087073608475e-07	1.600000e+00	6.230500e-01
3.543852698608475e-07	1.600000e+00	6.230441e-01
3.553618323608475e-07	1.600000e+00	6.230381e-01
3.563383948608475e-07	1.600000e+00	6.230321e-01
3.573149573608476e-07	1.600000e+00	6.230261e-01
3.582915198608476e-07	1.600000e+00	6.230202e-01
3.592680823608476e-07	1.600000e+00	6.230142e-01
3.602446448608476e-07	1.600000e+00	6.230083e-01
3.612212073608477e-07	1.600000e+00	6.230023e-01
3.621977698608477e-07	1.600000e+00	6.229963e-01
3.631743323608477e-07	1.600000e+00	6.229904e-01
3.641508948608477e-07	1.600000e+00	6.229844e-01
3.651274573608478e-07	1.600000e+00	6.229784e-01
3.661040198608478e-07	1.600000e+00	6.229725e-01
3.670805823608478e-07	1.600000e+00	6.229665e-01
3.680571448608478e-07	1.600000e+00	6.229606e-01
3.690337073608479e-07	1.600000e+00	6.229546e-01
3.700102698608479e-07	1.600000e+00	6.229486e-01
3.709868323608479e-07	1.600000e+00	6.229427e-01
3.719633948608479e-07	1.600000e+00	6.229367e-01
3.729399573608480e-07	1.600000e+00	6.229308e-01
3.739165198608480e-07	1.600000e+00	6.229248e-01
3.748930823608480e-07	1.600000e+00	6.229188e-01
3.758696448608480e-07	1.600000e+00	6.229129e-01
3.768462073608480e-07	1.600000e+00	6.229069e-01
3.778227698608481e-07	1.600000e+00	6.229010e-01
3.787993323608481e-07	1.600000e+00	6.228950e-01
3.797758948608481e-07	1.600000e+00	6.228890e-01
3.807524573608481e-07	1.600000e+00	6.228831e-01
3.817290198608482e-07	1.600000e+00	6.228771e-01
3.827055823608482e-07	1.600000e+00	6.228712e-01
3.836821448608482e-07	1.600000e+00	6.228652e-01
3.846587073608482e-07	1.600000e+00	6.228592e-01
3.856352698608483e-07	1.600000e+00	6.228533e-01
3.866118323608483e-07	1.600000e+00	6.228474e-01
3.875883948608483e-07	1.600000e+00	6.228414e-01
3.885649573608483e-07	1.600000e+00	6.228355e-01
3.895415198608484e-07	1.600000e+00	6.228295e-01
3.905180823608484e-07	1.600000e+00	6.228235e-01
3.914946448608484e-07	1.600000e+00	6.228176e-01
3.924712073608484e-07	1.600000e+00	6.228116e-01
3.934477698608485e-07	1.600000e+00	6.228057e-01
3.944243323608485e-07	1.600000e+00	6.227998e-01
3.954008948608485e-07	1.600000e+00	6.227938e-01
3.963774573608485e-07	1.600000e+00	6.227878e-01
3.973540198608485e-07	1.600000e+00	6.227819e-01
3.983305823608486e-07	1.600000e+00	6.227759e-01
3.993071448608486e-07	1.600000e+00	6.227700e-01
4.000100000000000e-07	1.600000e+00	6.227657e-01
4.000110000000001e-07	1.440000e+00	6.213645e-01
4.000130000000001e-07	1.120000e+00	6.189557e-01
4.000161388345963e-07	6.177865e-01	6.162619e-01
4.000193870041874e-07	9.807933e-02	6.143901e-01
4.000200000000001e-07	0.000000e+00	6.141091e-01
4.000201733499318e-07	0.000000e+00	6.140956e-01
4.000205200497951e-07	0.000000e+00	6.140789e-01
4.000212134495218e-07	0.000000e+00	6.140556e-01
4.000226002489752e-07	0.000000e+00	6.140100e-01
4.000253738478820e-07	0.000000e+00	6.139189e-01
4.000309210456956e-07	0.000000e+00	6.137370e-01
4.000420154413229e-07	0.000000e+00	6.133730e-01
4.000623094670452e-07	0.000000e+00	6.127068e-01
4.000981358523143e-07	0.000000e+00	6.115319e-01
4.001697886228524e-07	0.000000e+00	6.091947e-01
4.003047551694750e-07	0.000000e+00	6.048523e-01
4.005746882627202e-07	0.000000e+00	5.964016e-01
4.010793364188302e-07	0.000000e+00	5.813771e-01
4.020558989188303e-07	0.000000e+00	5.542656e-01
4.030324614188303e-07	0.000000e+00	5.293295e-01
4.040090239188303e-07	0.000000e+00	5.065467e-01
4.049855864188303e-07	0.000000e+00	4.855958e-01
4.059621489188303e-07	0.000000e+00	4.662223e-01
4.069387114188304e-07	0.000000e+00	4.482205e-01
4.079152739188304e-07	0.000000e+00	4.314221e-01
4.088918364188304e-07	0.000000e+00	4.156877e-01
4.098683989188304e-07	0.000000e+00	4.009002e-01
4.108449614188305e-07	0.000000e+00	3.869607e-01
4.118215239188305e-07	0.000000e+00	3.737846e-01
4.127980864188305e-07	0.000000e+00	3.612992e-01
4.137746489188305e-07	0.000000e+00	3.494414e-01
4.147512114188306e-07	0.000000e+00	3.381564e-01
4.157277739188306e-07	0.000000e+00	3.273959e-01
4.167043364188306e-07	0.000000e+00	3.171173e-01
4.176808989188306e-07	0.000000e+00	3.072830e-01
4.186574614188307e-07	0.000000e+00	2.978594e-01
4.196340239188307e-07	0.000000e+00	2.888166e-01
4.206105864188307e-07	0.000000e+00	2.801276e-01
4.215871489188307e-07	0.000000e+00	2.717682e-01
4.225637114188307e-07	0.000000e+00	2.637165e-01
4.235402739188308e-07	0.000000e+00	2.559527e-01
4.245168364188308e-07	0.000000e+00	2.484586e-01
4.254933989188308e-07	0.000000e+00	2.412179e-01
4.264699614188308e-07	0.000000e+00	2.342155e-01
4.274465239188309e-07	0.000000e+00	2.274377e-01
4.284230864188309e-07	0.000000e+00	2.208717e-01
4.293996489188309e-07	0.000000e+00	2.145061e-01
4.303762114188309e-07	0.000000e+00	2.083300e-01
4.313527739188310e-07	0.000000e+00	2.023337e-01
4.323293364188310e-07	0.000000e+00	1.965078e-01
4.333058989188310e-07	0.000000e+00	1.908440e-01
4.342824614188310e-07	0.000000e+00	1.853343e-01
4.352590239188311e-07	0.000000e+00	1.799715e-01
4.362355864188311e-07	0.000000e+00	1.747488e-01
4.372121489188311e-07	0.000000e+00	1.696598e-01
4.381887114188311e-07	0.000000e+00	1.646986e-01
4.391652739188312e-07	0.000000e+00	1.598597e-01
4.401418364188312e-07	0.000000e+00	1.551380e-01
4.411183989188312e-07	0.000000e+00	1.505286e-01
4.420949614188312e-07	0.000000e+00	1.460269e-01
4.430715239188312e-07	0.000000e+00	1.416289e-01
4.440480864188313e-07	0.000000e+00	1.373305e-01
4.450246489188313e-07	0.000000e+00	1.331281e-01
4.460012114188313e-07	0.000000e+00	1.290181e-01
4.469777739188313e-07	0.000000e+00	1.249973e-01
4.479543364188314e-07	0.000000e+00	1.210627e-01
4.489308989188314e-07	0.000000e+00	1.172114e-01
4.499074614188314e-07	0.000000e+00	1.134409e-01
4.508840239188314e-07	0.000000e+00	1.097485e-01
4.518605864188315e-07	0.000000e+00	1.061320e-01
4.528371489188315e-07	0.000000e+00	1.025893e-01
4.538137114188315e-07	0.000000e+00	9.911844e-02
4.547902739188315e-07	0.000000e+00	9.571750e-02
4.557668364188316e-07	0.000000e+00	9.238484e-02
4.567433989188316e-07	0.000000e+00	8.911896e-02
4.577199614188316e-07	0.000000e+00	8.591849e-02
4.586965239188316e-07	0.000000e+00	8.278219e-02
4.596730864188317e-07	0.000000e+00	7.970902e-02
4.606496489188317e-07	0.000000e+00	7.669804e-02
4.616262114188317e-07	0.000000e+00	7.374848e-02
4.626027739188317e-07	0.000000e+00	7.085975e-02
4.635793364188317e-07	0.000000e+00	6.803139e-02
4.645558989188318e-07	0.000000e+00	6.526311e-02
4.655324614188318e-07	0.000000e+00	6.255480e-02
4.665090239188318e-07	0.000000e+00	5.990648e-02
4.674855864188318e-07	0.000000e+00	5.731836e-02
4.684621489188319e-07	0.000000e+00	5.479081e-02
4.694387114188319e-07	0.000000e+00	5.232436e-02
4.704152739188319e-07	0.000000e+00	4.991968e-02
4.713918364188319e-07	0.000000e+00	4.757758e-02
4.723683989188320e-07	0.000000e+00	4.529897e-02
4.733449614188320e-07	0.000000e+00	4.308487e-02
4.743215239188320e-07	0.000000e+00	4.093635e-02
4.752980864188320e-07	0.000000e+00	3.885450e-02
4.762746489188321e-07	0.000000e+00	3.684041e-02
4.772512114188321e-07	0.000000e+00	3.489508e-02
4.782277739188321e-07	0.000000e+00	3.301946e-02
4.792043364188321e-07	0.000000e+00	3.121432e-02
4.801808989188321e-07	0.000000e+00	2.948027e-02
4.811574614188322e-07	0.000000e+00	2.781770e-02
4.821340239188322e-07	0.000000e+00	2.622677e-02
4.831105864188322e-07	0.000000e+00	2.470738e-02
4.840871489188322e-07	0.000000e+00	2.325915e-02
4.850637114188323e-07	0.000000e+00	2.188145e-02
4.860402739188323e-07	0.000000e+00	2.057335e-02
4.870168364188323e-07	0.000000e+00	1.933368e-02
4.879933989188323e-07	0.000000e+00	1.816103e-02
4.889699614188324e-07	0.000000e+00	1.705376e-02
4.899465239188324e-07	0.000000e+00	1.601002e-02
4.909230864188324e-07	0.000000e+00	1.502782e-02
4.918996489188324e-07	0.000000e+00	1.410501e-02
4.928762114188325e-07	0.000000e+00	1.323931e-02
4.938527739188325e-07	0.000000e+00	1.242836e-02
4.948293364188325e-07	0.000000e+00	1.166976e-02
4.958058989188325e-07	0.000000e+00	1.096105e-02
4.967824614188326e-07	0.000000e+00	1.029977e-02
4.977590239188326e-07	0.000000e+00	9.683443e-03
4.987355864188326e-07	0.000000e+00	9.109654e-03
4.997121489188326e-07	0.000000e+00	8.576008e-03
5.006887114188326e-07	0.000000e+00	8.080170e-03
5.016652739188327e-07	0.000000e+00	7.619870e-03
5.026418364188327e-07	0.000000e+00	7.192917e-03
5.036183989188327e-07	0.000000e+00	6.797202e-03
5.045949614188327e-07	0.000000e+00	6.430702e-03
5.055715239188328e-07	0.000000e+00	6.091488e-03
5.065480864188328e-07	0.000000e+00	5.777723e-03
5.075246489188328e-07	0.000000e+00	5.487663e-03
5.085012114188328e-07	0.000000e+00	5.219661e-03
5.094777739188329e-07	0.000000e+00	4.972161e-03
5.104543364188329e-07	0.000000e+00	4.743700e-03
5.114308989188329e-07	0.000000e+00	4.532900e-03
5.124074614188329e-07	0.000000e+00	4.338472e-03
5.133840239188330e-07	0.000000e+00	4.159210e-03
5.143605864188330e-07	0.000000e+00	3.993984e-03
5.153371489188330e-07	0.000000e+00	3.841742e-03
5.163137114188330e-07	0.000000e+00	3.701504e-03
5.172902739188331e-07	0.000000e+00	3.572355e-03
5.182668364188331e-07	0.000000e+00	3.453449e-03
5.192433989188331e-07	0.000000e+00	3.343995e-03
5.202199614188331e-07	0.000000e+00	3.243264e-03
5.211965239188331e-07	0.000000e+00	3.150577e-03
5.221730864188332e-07	0.000000e+00	3.065307e-03
5.231496489188332e-07	0.000000e+00	2.986871e-03
5.241262114188332e-07	0.000000e+00	2.914734e-03
5.251027739188332e-07	0.000000e+00	2.848397e-03
5.260793364188333e-07	0.000000e+00	2.787402e-03
5.270558989188333e-07	0.000000e+00	2.731325e-03
5.280324614188333e-07	0.000000e+00	2.679774e-03
5.290090239188333e-07	0.000000e+00	2.632389e-03
5.299855864188334e-07	0.000000e+00	2.588837e-03
5.309621489188334e-07	0.000000e+00	2.548810e-03
5.319387114188334e-07	0.000000e+00	2.512027e-03
5.329152739188334e-07	0.000000e+00	2.478226e-03
5.338918364188335e-07	0.000000e+00	2.447167e-03
5.348683989188335e-07	0.000000e+00	2.418629e-03
5.358449614188335e-07	0.000000e+00	2.392410e-03
5.368215239188335e-07	0.000000e+00	2.368322e-03
5.377980864188335e-07	0.000000e+00	2.346191e-03
5.387746489188336e-07	0.000000e+00	2.325861e-03
5.397512114188336e-07	0.000000e+00	2.307185e-03
5.407277739188336e-07	0.000000e+00	2.290029e-03
5.417043364188336e-07	0.000000e+00	2.274270e-03
5.426808989188337e-07	0.000000e+00	2.259793e-03
5.436574614188337e-07	0.000000e+00	2.246497e-03
5.446340239188337e-07	0.000000e+00	2.234283e-03
5.456105864188337e-07	0.000000e+00	2.223064e-03
5.465871489188338e-07	0.000000e+00	2.212759e-03
5.475637114188338e-07	0.000000e+00	2.203294e-03
5.485402739188338e-07	0.000000e+00	2.194600e-03
5.495168364188338e-07	0.000000e+00	2.186615e-03
5.504933989188339e-07	0.000000e+00	2.179281e-03
5.514699614188339e-07	0.000000e+00	2.172544e-03
5.524465239188339e-07	0.000000e+00	2.166356e-03
5.534230864188339e-07	0.000000e+00	2.160672e-03
5.543996489188340e-07	0.000000e+00	2.155451e-03
5.553762114188340e-07	0.000000e+00	2.150656e-03
5.563527739188340e-07	0.000000e+00	2.146251e-03
5.573293364188340e-07	0.000000e+00	2.142204e-03
5.583058989188340e-07	0.000000e+00	2.138487e-03
5.592824614188341e-07	0.000000e+00	2.135073e-03
5.602590239188341e-07	0.000000e+00	2.131936e-03
5.612355864188341e-07	0.000000e+00	2.129054e-03
5.622121489188341e-07	0.000000e+00	2.126406e-03
5.631887114188342e-07	0.000000e+00	2.123974e-03
5.641652739188342e-07	0.000000e+00	2.121739e-03
5.651418364188342e-07	0.000000e+00	2.119685e-03
5.661183989188342e-07	0.000000e+00	2.117798e-03
5.670949614188343e-07	0.000000e+00	2.116064e-03
5.680715239188343e-07	0.000000e+00	2.114470e-03
5.690480864188343e-07	0.000000e+00	2.113006e-03
5.700246489188343e-07	0.000000e+00	2.111659e-03
5.710012114188344e-07	0.000000e+00	2.110422e-03
5.719777739188344e-07	0.000000e+00	2.109284e-03
5.729543364188344e-07	0.000000e+00	2.108238e-03
5.739308989188344e-07	0.000000e+00	2.107276e-03
5.749074614188345e-07	0.000000e+00	2.106391e-03
5.758840239188345e-07	0.000000e+00	2.105578e-03
5.768605864188345e-07	0.000000e+00	2.104829e-03
5.778371489188345e-07	0.000000e+00	2.104140e-03
5.788137114188345e-07	0.000000e+00	2.103507e-03
5.797902739188346e-07	0.000000e+00	2.102924e-03
5.807668364188346e-07	0.000000e+00	2.102387e-03
5.817433989188346e-07	0.000000e+00	2.101892e-03
5.827199614188346e-07	0.000000e+00	2.101437e-03
5.836965239188347e-07	0.000000e+00	2.101018e-03
5.846730864188347e-07	0.000000e+00	2.100631e-03
5.856496489188347e-07	0.000000e+00	2.100275e-03
5.866262114188347e-07	0.000000e+00	2.099946e-03
5.876027739188348e-07	0.000000e+00	2.099643e-03
5.885793364188348e-07	0.000000e+00	2.099364e-03
5.895558989188348e-07	0.000000e+00	2.099105e-03
5.905324614188348e-07	0.000000e+00	2.098867e-03
5.915090239188349e-07	0.000000e+00	2.098647e-03
5.924855864188349e-07	0.000000e+00	2.098443e-03
5.934621489188349e-07	0.000000e+00	2.098255e-03
5.944387114188349e-07	0.000000e+00	2.098080e-03
5.954152739188350e-07	0.000000e+00	2.097919e-03
5.963918364188350e-07	0.000000e+00	2.097770e-03
5.973683989188350e-07	0.000000e+00	2.097631e-03
5.983449614188350e-07	0.000000e+00	2.097502e-03
5.993215239188350e-07	0.000000e+00	2.097385e-03
6.000000000000000e-07	0.000000e+00	2.098596e-03
6.000010000000000e-07	1.600000e-01	2.917891e-03
6.000029999999999e-07	4.800000e-01	6.444331e-03
6.000049732204452e-07	7.957153e-01	1.358973e-02
6.000069289309830e-07	1.108629e+00	2.443403e-02
6.000086244139588e-07	1.379906e+00	3.534663e-02
6.000099999999999e-07	1.600000e+00	4.431890e-02
6.000101375586040e-07	1.600000e+00	4.511005e-02
6.000104126758123e-07	1.600000e+00	4.660860e-02
6.000109629102287e-07	1.600000e+00	4.941833e-02
6.000120633790616e-07	1.600000e+00	5.479724e-02
6.000134026497719e-07	1.600000e+00	6.116712e-02
6.000160811911923e-07	1.600000e+00	7.356116e-02
6.000214382740333e-07	1.600000e+00	9.725122e-02
6.000321524397152e-07	1.600000e+00	1.406489e-01
6.000535807710789e-07	1.600000e+00	2.142212e-01
6.000964374338064e-07	1.600000e+00	3.271578e-01
6.001568507431009e-07	1.600000e+00	4.376917e-01
6.002291608607352e-07	1.600000e+00	5.217399e-01
6.003189344216199e-07	1.600000e+00	5.853017e-01
6.004354787198511e-07	1.600000e+00	6.349019e-01
6.005983751969336e-07	1.600000e+00	6.754083e-01
6.008292904491935e-07	1.600000e+00	7.071646e-01
6.011655608826950e-07	1.600000e+00	7.304695e-01
6.016538299511996e-07	1.600000e+00	7.453875e-01
6.023823457117258e-07	1.600000e+00	7.535285e-01
6.033589082117259e-07	1.600000e+00	7.567748e-01
6.043354707117259e-07	1.600000e+00	7.575961e-01
6.053120332117259e-07	1.600000e+00	7.578644e-01
6.062885957117259e-07	1.600000e+00	7.580498e-01
6.072651582117260e-07	1.600000e+00	7.582077e-01
6.082417207117260e-07	1.600000e+00	7.583472e-01
6.092182832117260e-07	1.600000e+00	7.584736e-01
6.101948457117260e-07	1.600000e+00	7.585892e-01
6.111714082117261e-07	1.600000e+00	7.586949e-01
6.121479707117261e-07	1.600000e+00	7.587919e-01
6.131245332117261e-07	1.600000e+00	7.588809e-01
6.141010957117261e-07	1.600000e+00	7.589628e-01
6.150776582117262e-07	1.600000e+00	7.590383e-01
6.160542207117262e-07	1.600000e+00	7.591078e-01
6.170307832117262e-07	1.600000e+00	7.591721e-01
6.180073457117262e-07	1.600000e+00	7.592314e-01
6.189839082117263e-07	1.600000e+00	7.592865e-01
6.199604707117263e-07	1.600000e+00	7.593374e-01
6.209370332117263e-07	1.600000e+00	7.593847e-01
6.219135957117263e-07	1.600000e+00	7.594286e-01
6.228901582117263e-07	1.600000e+00	7.594694e-01
6.238667207117264e-07	1.600000e+00	7.595073e-01
6.248432832117264e-07	1.600000e+00	7.595426e-01
6.258198457117264e-07	1.600000e+00	7.595755e-01
6.267964082117264e-07	1.600000e+00	7.596061e-01
6.277729707117265e-07	1.600000e+00	7.596347e-01
6.287495332117265e-07	1.600000e+00	7.596614e-01
6.297260957117265e-07	1.600000e+00	7.596863e-01
6.307026582117265e-07	1.600000e+00	7.597095e-01
6.316792207117266e-07	1.600000e+00	7.597313e-01
6.326557832117266e-07	1.600000e+00	7.597516e-01
6.336323457117266e-07	1.600000e+00	7.597705e-01
6.346089082117266e-07	1.600000e+00	7.597883e-01
6.355854707117267e-07	1.600000e+00	7.598048e-01
6.365620332117267e-07	1.600000e+00	7.598203e-01
6.375385957117267e-07	1.600000e+00	7.598348e-01
6.385151582117267e-07	1.600000e+00	7.598483e-01
6.394917207117267e-07	1.600000e+00	7.598610e-01
6.404682832117268e-07	1.600000e+00	7.598728e-01
6.414448457117268e-07	1.600000e+00	7.598838e-01
6.424214082117268e-07	1.600000e+00	7.598941e-01
6.433979707117268e-07	1.600000e+00	7.599037e-01
6.443745332117269e-07	1.600000e+00	7.599126e-01
6.453510957117269e-07	1.600000e+00	7.599210e-01
6.463276582117269e-07	1.600000e+00	7.599287e-01
6.473042207117269e-07	1.600000e+00	7.599359e-01
6.482807832117270e-07	1.600000e+00	7.599425e-01
6.492573457117270e-07	1.600000e+00	7.599487e-01
6.502339082117270e-07	1.600000e+00	7.599545e-01
6.512104707117270e-07	1.600000e+00	7.599597e-01
6.521870332117271e-07	1.600000e+00	7.599646e-01
6.531635957117271e-07	1.600000e+00	7.599691e-01
6.541401582117271e-07	1.600000e+00	7.599732e-01
6.551167207117271e-07	1.600000e+00	7.599769e-01
6.560932832117272e-07	1.600000e+00	7.599803e-01
6.570698457117272e-07	1.600000e+00	7.599834e-01
6.580464082117272e-07	1.600000e+00	7.599862e-01
6.590229707117272e-07	1.600000e+00	7.599886e-01
6.599995332117272e-07	1.600000e+00	7.599908e-01
6.609760957117273e-07	1.600000e+00	7.599927e-01
6.619526582117273e-07	1.600000e+00	7.599944e-01
6.629292207117273e-07	1.600000e+00	7.599958e-01
6.639057832117273e-07	1.600000e+00	7.599970e-01
6.648823457117274e-07	1.600000e+00	7.599980e-01
6.658589082117274e-07	1.600000e+00	7.599988e-01
6.668354707117274e-07	1.600000e+00	7.599993e-01
6.678120332117274e-07	1.600000e+00	7.599997e-01
6.687885957117275e-07	1.600000e+00	7.599999e-01
6.697651582117275e-07	1.600000e+00	7.599999e-01
6.707417207117275e-07	1.600000e+00	7.599997e-01
6.717182832117275e-07	1.600000e+00	7.599994e-01
6.726948457117276e-07	1.600000e+00	7.599989e-01
6.736714082117276e-07	1.600000e+00	7.599983e-01
6.746479707117276e-07	1.600000e+00	7.599975e-01
6.756245332117276e-07	1.600000e+00	7.599966e-01
6.766010957117277e-07	1.600000e+00	7.599955e-01
6.775776582117277e-07	1.600000e+00	7.599944e-01
6.785542207117277e-07	1.600000e+00	7.599931e-01
6.795307832117277e-07	1.600000e+00	7.599916e-01
6.805073457117277e-07	1.600000e+00	7.599901e-01
6.814839082117278e-07	1.600000e+00	7.599884e-01
6.824604707117278e-07	1.600000e+00	7.599867e-01
6.834370332117278e-07	1.600000e+00	7.599849e-01
6.844135957117278e-07	1.600000e+00	7.599829e-01
6.853901582117279e-07	1.600000e+00	7.599808e-01
6.863667207117279e-07	1.600000e+00	7.599787e-01
6.873432832117279e-07	1.600000e+00	7.599764e-01
6.883198457117279e-07	1.600000e+00	7.599741e-01
6.892964082117280e-07	1.600000e+00	7.599717e-01
6.902729707117280e-07	1.600000e+00	7.599692e-01
6.912495332117280e-07	1.600000e+00	7.599667e-01
6.922260957117280e-07	1.600000e+00	7.599640e-01
6.932026582117281e-07	1.600000e+00	7.599614e-01
6.941792207117281e-07	1.600000e+00	7.599586e-01
6.951557832117281e-07	1.600000e+00	7.599558e-01
6.961323457117281e-07	1.600000e+00	7.599528e-01
6.971089082117281e-07	1.600000e+00	7.599499e-01
6.980854707117282e-07	1.600000e+00	7.599469e-01
6.990620332117282e-07	1.600000e+00	7.599438e-01
7.000099999999999e-07	1.600000e+00	7.599400e-01
7.000110000000000e-07	1.600000e+00	7.599398e-01
7.000129999999999e-07	1.600000e+00	7.599379e-01
7.000169999999999e-07	1.600000e+00	7.599319e-01
7.000199999999999e-07	1.600000e+00	7.599266e-01
7.000202999999999e-07	1.600000e+00	7.599260e-01
7.000208999999999e-07	1.600000e+00	7.599249e-01
7.000220999999999e-07	1.600000e+00	7.599227e-01
7.000244999999999e-07	1.600000e+00	7.599186e-01
7.000292999999998e-07	1.600000e+00	7.599105e-01
7.000388999999997e-07	1.600000e+00	7.598943e-01
7.000580999999996e-07	1.600000e+00	7.598619e-01
7.000964999999993e-07	1.600000e+00	7.597977e-01
7.001732999999987e-07	1.600000e+00	7.596706e-01
7.003268999999975e-07	1.600000e+00	7.594207e-01
7.006340999999952e-07	1.600000e+00	7.589332e-01
7.012484999999905e-07	1.600000e+00	7.579851e-01
7.022250624999905e-07	1.600000e+00	7.565111e-01
7.032016249999905e-07	1.600000e+00	7.550579e-01
7.041781874999906e-07	1.600000e+00	7.536173e-01
7.051547499999906e-07	1.600000e+00	7.521856e-01
7.061313124999906e-07	1.600000e+00	7.507620e-01
7.071078749999906e-07	1.600000e+00	7.493464e-01
7.080844374999907e-07	1.600000e+00	7.479385e-01
7.090609999999907e-07	1.600000e+00	7.465381e-01
7.100375624999907e-07	1.600000e+00	7.451452e-01
7.110141249999907e-07	1.600000e+00	7.437595e-01
7.119906874999908e-07	1.600000e+00	7.423809e-01
7.129672499999908e-07	1.600000e+00	7.410092e-01
7.139438124999908e-07	1.600000e+00	7.396443e-01
7.149203749999908e-07	1.600000e+00	7.382860e-01
7.158969374999908e-07	1.600000e+00	7.369342e-01
7.168734999999909e-07	1.600000e+00	7.355888e-01
7.178500624999909e-07	1.600000e+00	7.342496e-01
7.188266249999909e-07	1.600000e+00	7.329165e-01
7.198031874999909e-07	1.600000e+00	7.315894e-01
7.207797499999910e-07	1.600000e+00	7.302681e-01
7.217563124999910e-07	1.600000e+00	7.289526e-01
7.227328749999910e-07	1.600000e+00	7.276427e-01
7.237094374999910e-07	1.600000e+00	7.263383e-01
7.246859999999911e-07	1.600000e+00	7.250392e-01
7.256625624999911e-07	1.600000e+00	7.237455e-01
7.266391249999911e-07	1.600000e+00	7.224568e-01
7.276156874999911e-07	1.600000e+00	7.211733e-01
7.285922499999912e-07	1.600000e+00	7.198948e-01
7.295688124999912e-07	1.600000e+00	7.186211e-01
7.305453749999912e-07	1.600000e+00	7.173523e-01
7.315219374999912e-07	1.600000e+00	7.160881e-01
7.324984999999913e-07	1.600000e+00	7.148285e-01
7.334750624999913e-07	1.600000e+00	7.135735e-01
7.344516249999913e-07	1.600000e+00	7.123228e-01
7.354281874999913e-07	1.600000e+00	7.110765e-01
7.364047499999913e-07	1.600000e+00	7.098345e-01
7.373813124999914e-07	1.600000e+00	7.085966e-01
7.383578749999914e-07	1.600000e+00	7.073628e-01
7.393344374999914e-07	1.600000e+00	7.061331e-01
7.403109999999914e-07	1.600000e+00	7.049074e-01
7.412875624999915e-07	1.600000e+00	7.036855e-01
7.422641249999915e-07	1.600000e+00	7.024674e-01
7.432406874999915e-07	1.600000e+00	7.012531e-01
7.442172499999915e-07	1.600000e+00	7.000425e-01
7.451938124999916e-07	1.600000e+00	6.988355e-01
7.461703749999916e-07	1.600000e+00	6.976320e-01
7.471469374999916e-07	1.600000e+00	6.964320e-01
7.481234999999916e-07	1.600000e+00	6.952354e-01
7.491000624999917e-07	1.600000e+00	6.940423e-01
7.500766249999917e-07	1.600000e+00	6.928524e-01
7.510531874999917e-07	1.600000e+00	6.916658e-01
7.520297499999917e-07	1.600000e+00	6.904823e-01
7.530063124999917e-07	1.600000e+00	6.893020e-01
7.539828749999918e-07	1.600000e+00	6.881249e-01
7.549594374999918e-07	1.600000e+00	6.869507e-01
7.559359999999918e-07	1.600000e+00	6.857796e-01
7.569125624999918e-07	1.600000e+00	6.846114e-01
7.578891249999919e-07	1.600000e+00	6.834460e-01
7.588656874999919e-07	1.600000e+00	6.822836e-01
7.598422499999919e-07	1.600000e+00	6.811239e-01
7.608188124999919e-07	1.600000e+00	6.799670e-01
7.617953749999920e-07	1.600000e+00	6.788129e-01
7.627719374999920e-07	1.600000e+00	6.776614e-01
7.637484999999920e-07	1.600000e+00	6.765125e-01
7.647250624999920e-07	1.600000e+00	6.753662e-01
7.657016249999921e-07	1.600000e+00	6.742225e-01
7.666781874999921e-07	1.600000e+00	6.730813e-01
7.676547499999921e-07	1.600000e+00	6.719427e-01
7.686313124999921e-07	1.600000e+00	6.708064e-01
7.696078749999922e-07	1.600000e+00	6.696725e-01
7.705844374999922e-07	1.600000e+00	6.685411e-01
7.715609999999922e-07	1.600000e+00	6.674120e-01
7.725375624999922e-07	1.600000e+00	6.662853e-01
7.735141249999922e-07	1.600000e+00	6.651608e-01
7.744906874999923e-07	1.600000e+00	6.640385e-01
7.754672499999923e-07	1.600000e+00	6.629186e-01
7.764438124999923e-07	1.600000e+00	6.618008e-01
7.774203749999923e-07	1.600000e+00	6.606852e-01
7.783969374999924e-07	1.600000e+00	6.595718e-01
7.793734999999924e-07	1.600000e+00	6.584604e-01
7.803500624999924e-07	1.600000e+00	6.573513e-01
7.813266249999924e-07	1.600000e+00	6.562442e-01
7.823031874999925e-07	1.600000e+00	6.551391e-01
7.832797499999925e-07	1.600000e+00	6.540361e-01
7.842563124999925e-07	1.600000e+00	6.529351e-01
7.852328749999925e-07	1.600000e+00	6.518362e-01
7.862094374999926e-07	1.600000e+00	6.507393e-01
7.871859999999926e-07	1.600000e+00	6.496443e-01
7.881625624999926e-07	1.600000e+00	6.485513e-01
7.891391249999926e-07	1.600000e+00	6.474602e-01
7.901156874999927e-07	1.600000e+00	6.463712e-01
7.910922499999927e-07	1.600000e+00	6.452841e-01
7.920688124999927e-07	1.600000e+00	6.441988e-01
7.930453749999927e-07	1.600000e+00	6.431155e-01
7.940219374999927e-07	1.600000e+00	6.420341e-01
7.949984999999928e-07	1.600000e+00	6.409547e-01
7.959750624999928e-07	1.600000e+00	6.398771e-01
7.969516249999928e-07	1.600000e+00	6.388015e-01
7.979281874999928e-07	1.600000e+00	6.377277e-01
7.989047499999929e-07	1.600000e+00	6.366559e-01
7.998813124999929e-07	1.600000e+00	6.355857e-01
8.000099999999999e-07	1.600000e+00	6.354448e-01
8.000109999999999e-07	1.600000e+00	6.354420e-01
8.000129999999999e-07	1.600000e+00	6.354370e-01
8.000151235918974e-07	1.600000e+00	6.354318e-01
8.000176246643461e-07	1.600000e+00	6.354258e-01
8.000199999999999e-07	1.600000e+00	6.354199e-01
8.000202375335652e-07	1.600000e+00	6.354194e-01
8.000207126006960e-07	1.600000e+00	6.354182e-01
8.000216627349576e-07	1.600000e+00	6.354160e-01
8.000232070643155e-07	1.600000e+00	6.354124e-01
8.000262957230313e-07	1.600000e+00	6.354054e-01
8.000324730404630e-07	1.600000e+00	6.353915e-01
8.000448276753263e-07	1.600000e+00	6.353641e-01
8.000695369450530e-07	1.600000e+00	6.353105e-01
8.001189554845064e-07	1.600000e+00	6.352083e-01
8.002177925634130e-07	1.600000e+00	6.350218e-01
8.004154667212264e-07	1.600000e+00	6.347091e-01
8.008108150368532e-07	1.600000e+00	6.342593e-01
8.016015116681067e-07	1.600000e+00	6.337271e-01
8.025780741681067e-07	1.600000e+00	6.334131e-01
8.035546366681068e-07	1.600000e+00	6.332957e-01
8.045311991681068e-07	1.600000e+00	6.332550e-01
8.055077616681068e-07	1.600000e+00	6.332380e-01
8.064843241681068e-07	1.600000e+00	6.332281e-01
8.074608866681069e-07	1.600000e+00	6.332204e-01
8.084374491681069e-07	1.600000e+00	6.332134e-01
8.094140116681069e-07	1.600000e+00	6.332066e-01
8.103905741681069e-07	1.600000e+00	6.331999e-01
8.113671366681070e-07	1.600000e+00	6.331932e-01
8.123436991681070e-07	1.600000e+00	6.331865e-01
8.133202616681070e-07	1.600000e+00	6.331798e-01
8.142968241681070e-07	1.600000e+00	6.331731e-01
8.152733866681071e-07	1.600000e+00	6.331664e-01
8.162499491681071e-07	1.600000e+00	6.331598e-01
8.172265116681071e-07	1.600000e+00	6.331531e-01
8.182030741681071e-07	1.600000e+00	6.331464e-01
8.191796366681071e-07	1.600000e+00	6.331397e-01
8.201561991681072e-07	1.600000e+00	6.331330e-01
8.211327616681072e-07	1.600000e+00	6.331263e-01
8.221093241681072e-07	1.600000e+00	6.331196e-01
8.230858866681072e-07	1.600000e+00	6.331130e-01
8.240624491681073e-07	1.600000e+00	6.331063e-01
8.250390116681073e-07	1.600000e+00	6.330996e-01
8.260155741681073e-07	1.600000e+00	6.330929e-01
8.269921366681073e-07	1.600000e+00	6.330863e-01
8.279686991681074e-07	1.600000e+00	6.330796e-01
8.289452616681074e-07	1.600000e+00	6.330729e-01
8.299218241681074e-07	1.600000e+00	6.330662e-01
8.308983866681074e-07	1.600000e+00	6.330596e-01
8.318749491681075e-07	1.600000e+00	6.330529e-01
8.328515116681075e-07	1.600000e+00	6.330462e-01
8.338280741681075e-07	1.600000e+00	6.330395e-01
8.348046366681075e-07	1.600000e+00	6.330329e-01
8.357811991681076e-07	1.600000e+00	6.330262e-01
8.367577616681076e-07	1.600000e+00	6.330195e-01
8.377343241681076e-07	1.600000e+00	6.330128e-01
8.387108866681076e-07	1.600000e+00	6.330062e-01
8.396874491681076e-07	1.600000e+00	6.329995e-01
8.406640116681077e-07	1.600000e+00	6.329928e-01
8.416405741681077e-07	1.600000e+00	6.329861e-01
8.426171366681077e-07	1.600000e+00	6.329795e-01
8.435936991681077e-07	1.600000e+00	6.329728e-01
8.445702616681078e-07	1.600000e+00	6.329661e-01
8.455468241681078e-07	1.600000e+00	6.329595e-01
8.465233866681078e-07	1.600000e+00	6.329528e-01
8.474999491681078e-07	1.600000e+00	6.329461e-01
8.484765116681079e-07	1.600000e+00	6.329395e-01
8.494530741681079e-07	1.600000e+00	6.329328e-01
8.504296366681079e-07	1.600000e+00	6.329261e-01
8.514061991681079e-07	1.600000e+00	6.329194e-01
8.523827616681080e-07	1.600000e+00	6.329128e-01
8.533593241681080e-07	1.600000e+00	6.329061e-01
8.543358866681080e-07	1.600000e+00	6.328995e-01
8.553124491681080e-07	1.600000e+00	6.328928e-01
8.562890116681080e-07	1.600000e+00	6.328861e-01
8.572655741681081e-07	1.600000e+00	6.328795e-01
8.582421366681081e-07	1.600000e+00	6.328728e-01
8.592186991681081e-07	1.600000e+00	6.328661e-01
8.601952616681081e-07	1.600000e+00	6.328595e-01
8.611718241681082e-07	1.600000e+00	6.328529e-01
8.621483866681082e-07	1.600000e+00	6.328462e-01
8.631249491681082e-07	1.600000e+00	6.328395e-01
8.641015116681082e-07	1.600000e+00	6.328328e-01
8.650780741681083e-07	1.600000e+00	6.328262e-01
8.660546366681083e-07	1.600000e+00	6.328195e-01
8.670311991681083e-07	1.600000e+00	6.328129e-01
8.680077616681083e-07	1.600000e+00	6.328062e-01
8.689843241681084e-07	1.600000e+00	6.327996e-01
8.699608866681084e-07	1.600000e+00	6.327929e-01
8.709374491681084e-07	1.600000e+00	6.327863e-01
8.719140116681084e-07	1.600000e+00	6.327796e-01
8.728905741681085e-07	1.600000e+00	6.327730e-01
8.738671366681085e-07	1.600000e+00	6.327663e-01
8.748436991681085e-07	1.600000e+00	6.327596e-01
8.758202616681085e-07	1.600000e+00	6.327530e-01
8.767968241681085e-07	1.600000e+00	6.327463e-01
8.777733866681086e-07	1.600000e+00	6.327397e-01
8.787499491681086e-07	1.600000e+00	6.327330e-01
8.797265116681086e-07	1.600000e+00	6.327264e-01
8.807030741681086e-07	1.600000e+00	6.327198e-01
8.816796366681087e-07	1.600000e+00	6.327131e-01
8.826561991681087e-07	1.600000e+00	6.327065e-01
8.836327616681087e-07	1.600000e+00	6.326998e-01
8.846093241681087e-07	1.600000e+00	6.326932e-01
8.855858866681088e-07	1.600000e+00	6.326865e-01
8.865624491681088e-07	1.600000e+00	6.326799e-01
8.875390116681088e-07	1.600000e+00	6.326732e-01
8.885155741681088e-07	1.600000e+00	6.326666e-01
8.894921366681089e-07	1.600000e+00	6.326599e-01
8.904686991681089e-07	1.600000e+00	6.326533e-01
8.914452616681089e-07	1.600000e+00	6.326466e-01
8.924218241681089e-07	1.600000e+00	6.326400e-01
8.933983866681090e-07	1.600000e+00	6.326333e-01
8.943749491681090e-07	1.600000e+00	6.326267e-01
8.953515116681090e-07	1.600000e+00	6.326200e-01
8.963280741681090e-07	1.600000e+00	6.326134e-01
8.973046366681090e-07	1.600000e+00	6.326068e-01
8.982811991681091e-07	1.600000e+00	6.326001e-01
8.992577616681091e-07	1.600000e+00	6.325935e-01
9.000099999999999e-07	1.600000e+00	6.325884e-01
9.000109999999999e-07	1.440000e+00	6.312013e-01
9.000129999999999e-07	1.120000e+00	6.288418e-01
9.000162176803070e-07	6.051711e-01	6.261487e-01
9.000195351097144e-07	7.438245e-02	6.242661e-01
9.000199999999999e-07	2.359668e-11	6.240534e-01
9.000201517444226e-07	0.000000e+00	6.240402e-01
9.000204552332682e-07	0.000000e+00	6.240242e-01
9.000210622109593e-07	0.000000e+00	6.240025e-01
9.000222761663415e-07	0.000000e+00	6.239604e-01
9.000247040771058e-07	0.000000e+00	6.238762e-01
9.000295598986345e-07	0.000000e+00	6.237081e-01
9.000392715416920e-07	0.000000e+00	6.233719e-01
9.000577858014941e-07	0.000000e+00	6.227306e-01
9.000892401614983e-07	0.000000e+00	6.216420e-01
9.001521488815066e-07	0.000000e+00	6.194750e-01
9.002706345594981e-07	0.000000e+00	6.154441e-01
9.005076059154810e-07	0.000000e+00	6.075829e-01
9.009520979127562e-07	0.000000e+00	5.935213e-01
9.018410819073065e-07	0.000000e+00	5.672640e-01
9.028176444073065e-07	0.000000e+00	5.407478e-01
9.037942069073065e-07	0.000000e+00	5.165782e-01
9.047707694073065e-07	0.000000e+00	4.944466e-01
9.057473319073066e-07	0.000000e+00	4.740561e-01
9.067238944073066e-07	0.000000e+00	4.551697e-01
9.077004569073066e-07	0.000000e+00	4.375952e-01
9.086770194073066e-07	0.000000e+00	4.211749e-01
9.096535819073067e-07	0.000000e+00	4.057770e-01
9.106301444073067e-07	0.000000e+00	3.912912e-01
9.116067069073067e-07	0.000000e+00	3.776235e-01
9.125832694073067e-07	0.000000e+00	3.646936e-01
9.135598319073068e-07	0.000000e+00	3.524323e-01
9.145363944073068e-07	0.000000e+00	3.407792e-01
9.155129569073068e-07	0.000000e+00	3.296820e-01
9.164895194073068e-07	0.000000e+00	3.190943e-01
9.174660819073069e-07	0.000000e+00	3.089753e-01
9.184426444073069e-07	0.000000e+00	2.992889e-01
9.194192069073069e-07	0.000000e+00	2.900027e-01
9.203957694073069e-07	0.000000e+00	2.810878e-01
9.213723319073069e-07	0.000000e+00	2.725182e-01
9.223488944073070e-07	0.000000e+00	2.642705e-01
9.233254569073070e-07	0.000000e+00	2.563236e-01
9.243020194073070e-07	0.000000e+00	2.486582e-01
9.252785819073070e-07	0.000000e+00	2.412568e-01
9.262551444073071e-07	0.000000e+00	2.341035e-01
9.272317069073071e-07	0.000000e+00	2.271837e-01
9.282082694073071e-07	0.000000e+00	2.204841e-01
9.291848319073071e-07	0.000000e+00	2.139923e-01
9.301613944073072e-07	0.000000e+00	2.076970e-01
9.311379569073072e-07	0.000000e+00	2.015880e-01
9.321145194073072e-07	0.000000e+00	1.956554e-01
9.330910819073072e-07	0.000000e+00	1.898904e-01
9.340676444073073e-07	0.000000e+00	1.842848e-01
9.350442069073073e-07	0.000000e+00	1.788309e-01
9.360207694073073e-07	0.000000e+00	1.735216e-01
9.369973319073073e-07	0.000000e+00	1.683502e-01
9.379738944073074e-07	0.000000e+00	1.633105e-01
9.389504569073074e-07	0.000000e+00	1.583969e-01
9.399270194073074e-07	0.000000e+00	1.536039e-01
9.409035819073074e-07	0.000000e+00	1.489266e-01
9.418801444073074e-07	0.000000e+00	1.443602e-01
9.428567069073075e-07	0.000000e+00	1.399003e-01
9.438332694073075e-07	0.000000e+00	1.355430e-01
9.448098319073075e-07	0.000000e+00	1.312842e-01
9.457863944073075e-07	0.000000e+00	1.271205e-01
9.467629569073076e-07	0.000000e+00	1.230484e-01
9.477395194073076e-07	0.000000e+00	1.190649e-01
9.487160819073076e-07	0.000000e+00	1.151671e-01
9.496926444073076e-07	0.000000e+00	1.113521e-01
9.506692069073077e-07	0.000000e+00	1.076176e-01
9.516457694073077e-07	0.000000e+00	1.039610e-01
9.526223319073077e-07	0.000000e+00	1.003803e-01
9.535988944073077e-07	0.000000e+00	9.687346e-02
9.545754569073076e-07	0.000000e+00	9.343863e-02
9.555520194073076e-07	0.000000e+00	9.007414e-02
9.565285819073075e-07	0.000000e+00	8.677848e-02
9.575051444073074e-07	0.000000e+00	8.355033e-02
9.584817069073073e-07	0.000000e+00	8.038851e-02
9.594582694073072e-07	0.000000e+00	7.729200e-02
9.604348319073072e-07	0.000000e+00	7.425994e-02
9.614113944073071e-07	0.000000e+00	7.129169e-02
9.623879569073070e-07	0.000000e+00	6.838673e-02
9.633645194073069e-07	0.000000e+00	6.554475e-02
9.643410819073068e-07	0.000000e+00	6.276560e-02
9.653176444073067e-07	0.000000e+00	6.004930e-02
9.662942069073067e-07	0.000000e+00	5.739610e-02
9.672707694073066e-07	0.000000e+00	5.480638e-02
9.682473319073065e-07	0.000000e+00	5.228071e-02
9.692238944073064e-07	0.000000e+00	4.981983e-02
9.702004569073063e-07	0.000000e+00	4.742461e-02
9.711770194073063e-07	0.000000e+00	4.509606e-02
9.721535819073062e-07	0.000000e+00	4.283527e-02
9.731301444073061e-07	0.000000e+00	4.064341e-02
9.741067069073060e-07	0.000000e+00	3.852165e-02
9.750832694073059e-07	0.000000e+00	3.647117e-02
9.760598319073058e-07	0.000000e+00	3.449304e-02
9.770363944073058e-07	0.000000e+00	3.258822e-02
9.780129569073057e-07	0.000000e+00	3.075755e-02
9.789895194073056e-07	0.000000e+00	2.900159e-02
9.799660819073055e-07	0.000000e+00	2.732073e-02
9.809426444073054e-07	0.000000e+00	2.571504e-02
9.819192069073053e-07	0.000000e+00	2.418432e-02
9.828957694073053e-07	0.000000e+00	2.272808e-02
9.838723319073052e-07	0.000000e+00	2.134551e-02
9.848488944073051e-07	0.000000e+00	2.003551e-02
9.858254569073050e-07	0.000000e+00	1.879672e-02
9.868020194073049e-07	0.000000e+00	1.762750e-02
9.877785819073049e-07	0.000000e+00	1.652599e-02
9.887551444073048e-07	0.000000e+00	1.549011e-02
9.897317069073047e-07	0.000000e+00	1.451763e-02
9.907082694073046e-07	0.000000e+00	1.360615e-02
9.916848319073045e-07	0.000000e+00	1.275319e-02
9.926613944073044e-07	0.000000e+00	1.195616e-02
9.936379569073044e-07	0.000000e+00	1.121245e-02
9.946145194073043e-07	0.000000e+00	1.051940e-02
9.955910819073042e-07	0.000000e+00	9.874353e-03
9.965676444073041e-07	0.000000e+00	9.274696e-03
9.975442069073040e-07	0.000000e+00	8.717840e-03
9.985207694073040e-07	0.000000e+00	8.201255e-03
9.994973319073039e-07	0.000000e+00	7.718261e-03
1.000000000000000e-06	-nan(ind)	-nan(ind)
